structure(list(Sample = c("GCA_012384335.1", "GCA_012216505.1", 
"GCA_013049245.1", "GCA_012430985.1", "GCA_013068365.1", "GCA_012430285.1", 
"GCA_012430365.1", "GCA_012373795.1", "GCA_012431085.1", "GCA_012431045.1", 
"GCA_012384175.1", "GCA_012228205.1", "GCA_012334765.1", "GCA_012215985.1", 
"GCA_012257165.1", "GCA_012259165.1", "GCA_012259145.1", "GCA_012334745.1", 
"GCA_012430525.1", "GCA_012373195.1", "GCA_012373155.1", "GCA_013064605.1", 
"GCA_012315685.1", "GCA_012260845.1", "GCA_012334585.1", "GCA_012334565.1", 
"GCA_013068345.1", "GCA_012257105.1", "GCA_012315705.1", "GCA_012260925.1", 
"GCA_012260985.1", "GCA_013075085.1", "GCA_012334805.1", "GCA_012215815.1", 
"GCA_013072065.1", "GCA_012259125.1", "GCA_012355715.1", "GCA_012260905.1", 
"GCA_013075185.1", "GCA_012315625.1", "GCA_013075125.1", "GCA_012315555.1", 
"GCA_012210645.1", "GCA_013072125.1", "GCA_013072185.1", "GCA_012355695.1", 
"GCA_013064645.1", "GCA_013075065.1", "GCA_012384195.1", "GCA_012348675.1", 
"GCA_013050165.1", "GCA_013041225.1", "GCA_013040925.1", "GCA_012348725.1", 
"GCA_012054405.1", "GCA_013049425.1", "GCA_013041485.1", "GCA_013049665.1", 
"GCA_012340415.1", "GCA_012171375.1", "GCA_012247965.1", "GCA_012246785.1", 
"GCA_012246585.1", "GCA_012350925.1", "GCA_013054405.1", "GCA_013054345.1", 
"GCA_012054585.1", "GCA_012054445.1", "GCA_012340295.1", "GCA_013041185.1", 
"GCA_013037265.1", "GCA_012174585.1", "GCA_012294005.1", "GCA_012293805.1", 
"GCA_013041035.1", "GCA_012248065.1", "GCA_012062365.1", "GCA_012054565.1", 
"GCA_013049445.1", "GCA_013061105.1", "GCA_013061145.1", "GCA_012318685.1", 
"GCA_013040425.1", "GCA_012327485.1", "GCA_013056545.1", "GCA_012348955.1", 
"GCA_012328005.1", "GCA_012293845.1", "GCA_012247865.1", "GCA_012247925.1", 
"GCA_013054995.1", "GCA_013054545.1", "GCA_013054225.1", "GCA_013014435.1", 
"GCA_012340355.1", "GCA_012340315.1", "GCA_012380035.1", "GCA_013061605.1", 
"GCA_012378035.1", "GCA_012290495.1", "GCA_012290545.1", "GCA_013041125.1", 
"GCA_013040805.1", "GCA_012163735.1", "GCA_013040965.1", "GCA_013037065.1", 
"GCA_013037025.1", "GCA_013037105.1", "GCA_012174525.1", "GCA_012348885.1", 
"GCA_012348755.1", "GCA_012380055.1", "GCA_012379975.1", "GCA_012293905.1", 
"GCA_013041285.1", "GCA_012171455.1", "GCA_012171435.1", "GCA_012171355.1", 
"GCA_012246705.1", "GCA_012245145.1", "GCA_012245165.1", "GCA_012359075.1", 
"GCA_013055625.1", "GCA_013054705.1", "GCA_013054365.1", "GCA_012054305.1", 
"GCA_012054685.1", "GCA_012054625.1", "GCA_012054505.1", "GCA_012054465.1", 
"GCA_013041545.1", "GCA_013013795.1", "GCA_013014145.1", "GCA_012348615.1", 
"GCA_012380015.1", "GCA_013044765.1", "GCA_012331365.1", "GCA_012331305.1", 
"GCA_012290445.1", "GCA_012290625.1", "GCA_013050375.1", "GCA_013050125.1", 
"GCA_012319085.1", "GCA_012293945.1", "GCA_012293885.1", "GCA_013041105.1", 
"GCA_012174575.1", "GCA_012246745.1", "GCA_012246595.1", "GCA_012351005.1", 
"GCA_012347595.1", "GCA_012350545.1", "GCA_013055745.1", "GCA_013055605.1", 
"GCA_013054325.1", "GCA_013054185.1", "GCA_012054645.1", "GCA_012054525.1", 
"GCA_013052525.1", "GCA_012168815.1", "GCA_012340155.1", "GCA_013040865.1", 
"GCA_013064885.1", "GCA_013061485.1", "GCA_012318645.1", "GCA_013045245.1", 
"GCA_013044925.1", "GCA_013044845.1", "GCA_013041555.1", "GCA_013040765.1", 
"GCA_013040685.1", "GCA_013040745.1", "GCA_013040405.1", "GCA_012257645.1", 
"GCA_012257545.1", "GCA_012257525.1", "GCA_012331385.1", "GCA_012331285.1", 
"GCA_012327565.1", "GCA_012378195.1", "GCA_012290485.1", "GCA_012247885.1", 
"GCA_012350625.1", "GCA_013041145.1", "GCA_013041365.1", "GCA_013041325.1", 
"GCA_013041065.1", "GCA_012248025.1", "GCA_012247905.1", "GCA_012246625.1", 
"GCA_012245225.1", "GCA_012351065.1", "GCA_012351025.1", "GCA_012347555.1", 
"GCA_012359435.1", "GCA_012350605.1", "GCA_012359255.1", "GCA_012358955.1", 
"GCA_013054285.1", "GCA_012328045.1", "GCA_013064845.1", "GCA_013061195.1", 
"GCA_013061165.1", "GCA_012312475.1", "GCA_012318605.1", "GCA_012343055.1", 
"GCA_013049345.1", "GCA_013049265.1", "GCA_013044605.1", "GCA_013041465.1", 
"GCA_012257605.1", "GCA_012257565.1", "GCA_012257575.1", "GCA_012279925.1", 
"GCA_012327505.1", "GCA_012378135.1", "GCA_012378075.1", "GCA_012290705.1", 
"GCA_012290685.1", "GCA_012290765.1", "GCA_012290745.1", "GCA_012168595.1", 
"GCA_013064385.1", "GCA_013064925.1", "GCA_013061185.1", "GCA_012318705.1", 
"GCA_013044785.1", "GCA_013045125.1", "GCA_013044665.1", "GCA_013040555.1", 
"GCA_012257665.1", "GCA_012257625.1", "GCA_012331345.1", "GCA_012378175.1", 
"GCA_013056885.1", "GCA_012290595.1", "GCA_013041245.1", "GCA_013054595.1", 
"GCA_012293985.1", "GCA_012054485.1", "GCA_012054425.1", "GCA_012340215.1", 
"GCA_012248005.1", "GCA_012351045.1", "GCA_013061025.1", "GCA_012606295.1", 
"GCA_013044945.1", "GCA_012163355.1", "GCA_013050305.1", "GCA_012348795.1", 
"GCA_012294025.1", "GCA_013041345.1", "GCA_013061425.1", "GCA_013045025.1", 
"GCA_013040125.1", "GCA_012378055.1", "GCA_013054685.1", "GCA_013054305.1", 
"GCA_013050865.1", "GCA_013037085.1", "GCA_012348175.1", "GCA_013055375.1", 
"GCA_013055725.1", "GCA_012293965.1", "GCA_012168655.1", "GCA_012257685.1", 
"GCA_013055645.1", "GCA_013050065.1", "GCA_013044745.1", "GCA_012327525.1", 
"GCA_007012305.1", "GCA_012329945.1", "GCA_013777595.1", "GCA_013777505.1", 
"GCA_013777465.1", "GCA_012623965.1", "GCA_012457665.1", "GCA_012457025.1", 
"GCA_012612565.1", "GCA_012653825.1", "GCA_014811045.1", "GCA_014811005.1", 
"GCA_013777425.1", "GCA_013777345.1", "GCA_013776845.1", "GCA_012457705.1", 
"GCA_012464855.1", "GCA_012612585.1", "GCA_012669625.1", "GCA_012919865.1", 
"GCA_012848155.1", "GCA_014810845.1", "GCA_013777625.1", "GCA_013777025.1", 
"GCA_012402325.1", "GCA_013092675.1", "GCA_012700625.1", "GCA_012457585.1", 
"GCA_012623385.1", "GCA_012623325.1", "GCA_012623265.1", "GCA_012653545.1", 
"GCA_012592005.1", "GCA_012700865.1", "GCA_012849155.1", "GCA_012848935.1", 
"GCA_012850335.1", "GCA_012916665.1", "GCA_012853055.1", "GCA_014806785.1", 
"GCA_014809905.1", "GCA_014806585.1", "GCA_014810715.1", "GCA_013776925.1", 
"GCA_013738495.1", "GCA_013777285.1", "GCA_013777265.1", "GCA_013776865.1", 
"GCA_014719815.1", "GCA_012451165.1", "GCA_012614025.1", "GCA_013137675.1", 
"GCA_012624605.1", "GCA_012702255.1", "GCA_012701065.1", "GCA_012700785.1", 
"GCA_014810965.1", "GCA_014810885.1", "GCA_014806745.1", "GCA_014810905.1", 
"GCA_014810265.1", "GCA_014810765.1", "GCA_014806505.1", "GCA_014810525.1", 
"GCA_014806425.1", "GCA_014810565.1", "GCA_014810545.1", "GCA_014810685.1", 
"GCA_014806445.1", "GCA_014806385.1", "GCA_013777645.1", "GCA_013777545.1", 
"GCA_013777445.1", "GCA_013777005.1", "GCA_013777385.1", "GCA_013777325.1", 
"GCA_013777185.1", "GCA_012461505.1", "GCA_012463205.1", "GCA_012624005.1", 
"GCA_012624505.1", "GCA_012612665.1", "GCA_012612525.1", "GCA_012878915.1", 
"GCA_012877375.1", "GCA_012916565.1", "GCA_012889495.1", "GCA_012889635.1", 
"GCA_012889115.1", "GCA_014936905.1", "GCA_012703665.1", "GCA_012464745.1", 
"GCA_012611385.1", "GCA_012299545.1", "GCA_013093655.1", "GCA_014078365.1", 
"GCA_014093655.1", "GCA_014097995.1", "GCA_012448975.1", "GCA_012701525.1", 
"GCA_012701145.1", "GCA_014810345.1", "GCA_014806805.1", "GCA_014806885.1", 
"GCA_014810985.1", "GCA_014810385.1", "GCA_014806845.1", "GCA_014806825.1", 
"GCA_014810865.1", "GCA_014811725.1", "GCA_014806565.1", "GCA_014806525.1", 
"GCA_014810925.1", "GCA_014806705.1", "GCA_014806455.1", "GCA_014810665.1", 
"GCA_014810485.1", "GCA_013777205.1", "GCA_013777405.1", "GCA_013777145.1", 
"GCA_013776985.1", "GCA_012457605.1", "GCA_012624105.1", "GCA_012612625.1", 
"GCA_012612685.1", "GCA_012611165.1", "GCA_012905165.1", "GCA_012681225.1", 
"GCA_012848355.1", "GCA_012872795.1", "GCA_012863535.1", "GCA_012916585.1", 
"GCA_012910625.1", "GCA_012910505.1", "GCA_012779095.1", "GCA_012889155.1", 
"GCA_014719355.1", "GCA_014936925.1", "GCA_012617325.1", "GCA_012593005.1", 
"GCA_012430645.1", "GCA_012653345.1", "GCA_012304485.1", "GCA_012455085.1", 
