structure(list(Gene = c("aac3", "aadA~~~aadA1", "aadA1", "aadA3", 
"ampC", "aph6I", "cas1e", "cas2", "cas3", "cas6e", "ccdB", "chrA", 
"cpsG", "crcB", "dfrA12", "djlC", "dsdA", "elaD", "eno", "espX5~~~yjcF", 
"fdnG", "floR", "frlA", "frlB", "frlC", "frlD", "group_10099", 
"group_1010", "group_10124", "group_1014", "group_1015", "group_10181", 
"group_10211", "group_10218", "group_10282", "group_10284", "group_10295", 
"group_10334", "group_10348", "group_10356", "group_10385", "group_10428", 
"group_10432", "group_1045", "group_1046", "group_10461", "group_10476", 
"group_10500", "group_10554", "group_10557", "group_10594", "group_10598", 
"group_10621", "group_10640", "group_10684", "group_10710", "group_1078", 
"group_10787", "group_10802", "group_10815", "group_10891", "group_1099", 
"group_1112", "group_1164", "group_11686", "group_1169", "group_1171", 
"group_11751", "group_11753", "group_11754", "group_11756", "group_11757", 
"group_1181", "group_1183", "group_11973", "group_11978", "group_11980", 
"group_1215", "group_1234", "group_1237", "group_1248", "group_1249", 
"group_1331", "group_13341", "group_13342", "group_13343", "group_13344", 
"group_13345", "group_13346", "group_13348", "group_13349", "group_1352", 
"group_13814", "group_1401", "group_1408", "group_14135", "group_1425", 
"group_1437", "group_1462", "group_1463", "group_1466", "group_1469", 
"group_1475", "group_148", "group_1509", "group_1511", "group_1514", 
"group_1520", "group_15598", "group_15599", "group_15601", "group_15602", 
"group_1569", "group_1573", "group_1574", "group_1575", "group_1576", 
"group_16249", "group_16250", "group_1626", "group_16327", "group_16328", 
"group_16330", "group_16331", "group_16332", "group_16333", "group_16334", 
"group_16335", "group_16337", "group_16338", "group_16339", "group_16340", 
"group_16341", "group_16353", "group_16354", "group_16355", "group_16356", 
"group_16361", "group_16362", "group_16363", "group_16373", "group_16374", 
"group_16375", "group_16376", "group_16377", "group_16378", "group_16379", 
"group_16380", "group_16381", "group_16382", "group_16383", "group_16384", 
"group_164", "group_16451", "group_16452", "group_16454", "group_16455", 
"group_16456", "group_16457", "group_16458", "group_16459", "group_16460", 
"group_16461", "group_16462", "group_16463", "group_16464", "group_16465", 
"group_16466", "group_16467", "group_16468", "group_16469", "group_16470", 
"group_16471", "group_16516", "group_16519", "group_16530", "group_16531", 
"group_16565", "group_16566", "group_16660", "group_16678", "group_16728", 
"group_16770", "group_16802", "group_16948", "group_16958", "group_16959", 
"group_1710", "group_1719", "group_17272", "group_17282", "group_17291", 
"group_17340", "group_17342", "group_17356", "group_17357", "group_17375", 
"group_17382", "group_17386", "group_17408", "group_17465", "group_17466", 
"group_17477", "group_17478", "group_17479", "group_17480", "group_1758", 
"group_1835", "group_1864", "group_1889", "group_1924", "group_1925", 
"group_1995", "group_1998", "group_2000", "group_2018", "group_203", 
"group_2042", "group_2048", "group_2049", "group_2069", "group_2102", 
"group_2103", "group_2115", "group_2126", "group_2137", "group_2147", 
"group_2181", "group_2212", "group_2267", "group_227", "group_2291", 
"group_2292", "group_2319", "group_2363", "group_2364", "group_2374", 
"group_2394", "group_240", "group_2448", "group_2449", "group_2451", 
"group_2481", "group_2520", "group_2521", "group_2523", "group_2524", 
"group_2569", "group_2592", "group_2595", "group_2655", "group_2664", 
"group_2674", "group_2675", "group_2678", "group_2686", "group_2697", 
"group_2698", "group_2699", "group_2717", "group_2721", "group_2739", 
"group_2756", "group_2776", "group_28", "group_2806", "group_2850", 
"group_2867", "group_2869", "group_2874", "group_2889", "group_2891", 
"group_2929", "group_2942", "group_297", "group_2979", "group_2990", 
"group_3006", "group_3032", "group_3060", "group_3099", "group_3148", 
"group_3183", "group_3197", "group_3242", "group_3245", "group_3256", 
"group_3268", "group_3289", "group_3312", "group_3351", "group_3361", 
"group_340", "group_341", "group_342", "group_3434", "group_3435", 
"group_3467", "group_3471", "group_3493", "group_3504", "group_3528", 
"group_3566", "group_3573", "group_3581", "group_3643", "group_3655", 
"group_3696", "group_3697", "group_3737", "group_380", "group_3824", 
"group_3831", "group_3845", "group_3846", "group_3847", "group_3849", 
"group_3852", "group_3854", "group_3855", "group_3857", "group_3861", 
"group_3892", "group_3907", "group_3921", "group_3933", "group_3938", 
"group_3975", "group_3993", "group_3996", "group_4008", "group_4019", 
"group_4032", "group_4035", "group_4067", "group_4110", "group_4152", 
"group_4248", "group_4268", "group_4271", "group_428", "group_4288", 
"group_4407", "group_4411", "group_4413", "group_4421", "group_4432", 
"group_4434", "group_4438", "group_4455", "group_4458", "group_4459", 
"group_4461", "group_4483", "group_4493", "group_4494", "group_4537", 
"group_4543", "group_4570", "group_4594", "group_4605", "group_4617", 
"group_4618", "group_4619", "group_4628", "group_4637", "group_4642", 
"group_4675", "group_4709", "group_4710", "group_4711", "group_4742", 
"group_4745", "group_4784", "group_4794", "group_4805", "group_4826", 
"group_4831", "group_4838", "group_4847", "group_4863", "group_4866", 
"group_4880", "group_4889", "group_4892", "group_4893", "group_4896", 
"group_4909", "group_4913", "group_4933", "group_4954", "group_497", 
"group_4989", "group_499", "group_5037", "group_504", "group_505", 
"group_5067", "group_5070", "group_5078", "group_508", "group_5080", 
"group_5125", "group_5141", "group_5158", "group_5175", "group_5189", 
"group_5190", "group_5211", "group_5291", "group_5303", "group_5344", 
"group_5365", "group_5373", "group_5374", "group_5392", "group_54", 
"group_5419", "group_5424", "group_5435", "group_5517", "group_5548", 
"group_5551", "group_5667", "group_5678", "group_5680", "group_5683", 
"group_5686", "group_5687", "group_5688", "group_5689", "group_5690", 
"group_5691", "group_5692", "group_5693", "group_5695", "group_5696", 
"group_57", "group_570", "group_5700", "group_5701", "group_5702", 
"group_5703", "group_5706", "group_5707", "group_5708", "group_5709", 
"group_5710", "group_5713", "group_5714", "group_5716", "group_572", 
"group_5720", "group_5723", "group_5724", "group_5725", "group_5735", 
"group_5736", "group_5737", "group_5738", "group_5740", "group_5741", 
"group_5742", "group_5743", "group_5744", "group_5745", "group_5746", 
"group_5747", "group_5748", "group_5749", "group_575", "group_5751", 
"group_5752", "group_5753", "group_5754", "group_5755", "group_5759", 
"group_5760", "group_5762", "group_5766", "group_579", "group_5833", 
"group_5914", "group_5915", "group_5925", "group_5930", "group_5931", 
"group_5932", "group_5933", "group_6053", "group_6151", "group_6152", 
"group_6156", "group_6159", "group_617", "group_6177", "group_6178", 
"group_6180", "group_619", "group_620", "group_6201", "group_6202", 
"group_6203", "group_6204", "group_6205", "group_6241", "group_6298", 
"group_6331", "group_6334", "group_6390", "group_6391", "group_6435", 
"group_6438", "group_6472", "group_6498", "group_6538", "group_6547", 
"group_6660", "group_6674", "group_6691", "group_6717", "group_6729", 
"group_6740", "group_6752", "group_6764", "group_6765", "group_6787", 
"group_6822", "group_6824", "group_6905", "group_6922", "group_6949", 
"group_6987", "group_6990", "group_7002", "group_7031", "group_7054", 
"group_7059", "group_7158", "group_7225", "group_7256", "group_7262", 
"group_7282", "group_7294", "group_732", "group_7373", "group_7374", 
"group_7397", "group_7427", "group_7454", "group_7468", "group_7511", 
"group_7524", "group_7538", "group_7570", "group_758", "group_7601", 
"group_7613", "group_7614", "group_7621", "group_7631", "group_7706", 
